"Pilchard 11, Namibia, June 99, CL=189"
"total fish length mm =" 189
"fish mass g =" 99
"number of swimbladder chambers=" 1
"x,   z-upper,   z-lower,   width"
"fish body"
         189
     0.000000     0.000000     0.000000     0.000000
      1.00000      3.09027     -2.27356      4.80856
      2.00000      4.81605     -3.67109      7.78066
      3.00000      5.48653     -4.55388      9.53926
      4.00000      5.74354     -5.36963      10.8306
      5.00000      5.89440     -6.14627      11.8365
      6.00000      6.16818     -6.88379      12.7450
      7.00000      6.58723     -7.57662      13.6535
      8.00000      7.02304     -8.24710      14.6139
      9.00000      7.41974     -8.91758      15.5743
      10.0000      7.77733     -9.56571      16.4828
      11.0000      8.11257     -10.1747      17.3199
      12.0000      8.47015     -10.7446      18.0078
      13.0000      8.82774     -11.2698      18.5659
      14.0000      9.12387     -11.7727      19.1304
      15.0000      9.40324     -12.2756      19.7274
      16.0000      9.67702     -12.7784      20.3439
      17.0000      9.92286     -13.2813      20.9539
      18.0000      10.1910     -13.7618      21.4860
      19.0000      10.4648     -14.2199      21.9727
      20.0000      10.6995     -14.6613      22.4724
      21.0000      10.8671     -15.0413      22.9721
      22.0000      10.9733     -15.3765      23.4847
      23.0000      11.0627     -15.6894      24.0169
      24.0000      11.1688     -15.9576      24.4841
      25.0000      11.3309     -16.2258      24.8540
      26.0000      11.5376     -16.5387      25.2369
      27.0000      11.7499     -16.8963      25.6522
      28.0000      11.9622     -17.2762      26.0026
      29.0000      12.1745     -17.6338      26.2751
      30.0000      12.4036     -17.9914      26.4958
      31.0000      12.6551     -18.3713      26.6905
      32.0000      12.9121     -18.7066      26.8397
      33.0000      13.1412     -18.9747      26.9371
      34.0000      13.3255     -19.2262      27.0539
      35.0000      13.4932     -19.4608      27.2031
      36.0000      13.6608     -19.6676      27.3783
      37.0000      13.8284     -19.8743      27.5665
      38.0000      13.9960     -20.0866      27.7352
      39.0000      14.1692     -20.2989      27.9169
      40.0000      14.3424     -20.4889      28.1441
      41.0000      14.5492     -20.6565      28.4166
      42.0000      14.8006     -20.8242      28.7281
      43.0000      14.9738     -20.9918      29.0331
      44.0000      15.0185     -21.1594      29.3316
      45.0000      15.0576     -21.3214      29.6366
      46.0000      15.1358     -21.4611      29.9092
      47.0000      15.2196     -21.5896      30.1298
      48.0000      15.3314     -21.7405      30.2985
      49.0000      15.4375     -21.9081      30.4478
      50.0000      15.5381     -22.0757      30.6230
      51.0000      15.6834     -22.2210      30.7852
      52.0000      15.8287     -22.3439      30.8955
      53.0000      15.9572     -22.4668      30.9929
      54.0000      16.1080     -22.5730      31.1226
      55.0000      16.2756     -22.6791      31.2784
      56.0000      16.4656     -22.8021      31.4276
      57.0000      16.6779     -22.9306      31.6158
      58.0000      16.8902     -23.0814      31.8819
      59.0000      17.1193     -23.2490      32.1609
      60.0000      17.3652     -23.3943      32.3426
      61.0000      17.5942     -23.4949      32.4659
      62.0000      17.7842     -23.5563      32.7060
      63.0000      17.9518     -23.5787      33.0175
      64.0000      18.1027     -23.5563      33.2576
      65.0000      18.2089     -23.4893      33.4069
      66.0000      18.2703     -23.4223      33.4847
      67.0000      18.2982     -23.3999      33.5626
      68.0000      18.3038     -23.4223      33.6145
      69.0000      18.3038     -23.4670      33.6340
      70.0000      18.3206     -23.4893      33.7054
      71.0000      18.3765     -23.4893      33.7833
      72.0000      18.4379     -23.5117      33.8287
      73.0000      18.4826     -23.5563      33.8741
      74.0000      18.5273     -23.6010      33.9260
      75.0000      18.5720     -23.6457      33.9455
      76.0000      18.6335     -23.6849      33.9130
      77.0000      18.7341     -23.7407      33.8417
      78.0000      18.8626     -23.8022      33.7508
      79.0000      18.9520     -23.8469      33.6600
      80.0000      18.9967     -23.9084      33.5886
      81.0000      19.0190     -23.9642      33.5626
      82.0000      18.9352     -23.9810      33.5626
      83.0000      18.7676     -23.9810      33.5626
      84.0000      18.6391     -23.9810      33.5626
      85.0000      18.5497     -23.9810      33.5107
      86.0000      18.4659     -23.9642      33.3874
      87.0000      18.3876     -23.9307      33.2706
      88.0000      18.3038     -23.9139      33.1538
      89.0000      18.2144     -23.8916      32.9851
      90.0000      18.1306     -23.8245      32.7839
      91.0000      18.0524     -23.7128      32.5762
      92.0000      17.9686     -23.5619      32.4010
      93.0000      17.8848     -23.3943      32.2323
      94.0000      17.8289     -23.2267      32.0117
      95.0000      17.8289     -23.0591      31.8430
      96.0000      17.8848     -22.9138      31.7716
      97.0000      17.9686     -22.8132      31.6483
      98.0000      18.0580     -22.7518      31.4017
      99.0000      18.1642     -22.7071      31.1291
      100.000      18.2871     -22.6400      30.9345
      101.000      18.3709     -22.5730      30.8112
      102.000      18.4156     -22.5283      30.6360
      103.000      18.4603     -22.4668      30.3634
      104.000      18.4826     -22.3662      30.1168
      105.000      18.4826     -22.2601      29.9286
      106.000      18.4826     -22.1930      29.7404
      107.000      18.4826     -22.1316      29.5652
      108.000      18.4826     -22.0757      29.5068
      109.000      18.4826     -22.0366      29.5782
      110.000      18.4603     -21.9919      29.6106
      111.000      18.3932     -21.9696      29.5198
      112.000      18.3262     -21.9696      29.3251
      113.000      18.2871     -21.9696      29.0526
      114.000      18.2312     -21.9863      28.7346
      115.000      18.1474     -22.0198      28.4166
      116.000      18.0580     -22.0366      28.1700
      117.000      17.9742     -22.0366      27.9753
      118.000      17.9183     -22.0366      27.7742
      119.000      17.8792     -22.0366      27.5990
      120.000      17.8122     -22.0366      27.4562
      121.000      17.7451     -22.0366      27.2810
      122.000      17.7060     -22.0198      27.1058
      123.000      17.6501     -21.9416      26.9630
      124.000      17.5663     -21.7740      26.8138
      125.000      17.4769     -21.5393      26.6645
      126.000      17.3708     -21.2823      26.5023
      127.000      17.2255     -21.0085      26.3335
      128.000      17.0802     -20.6956      26.1518
      129.000      16.9796     -20.3604      25.9053
      130.000      16.8958     -20.0475      25.6197
      131.000      16.8064     -19.7570      25.3277
      132.000      16.7226     -19.3994      25.0032
      133.000      16.6668     -18.9747      24.6334
      134.000      16.6276     -18.5948      24.2635
      135.000      16.5829     -18.3043      23.9650
      136.000      16.5215     -18.0752      23.7249
      137.000      16.4209     -17.8182      23.4588
      138.000      16.2924     -17.4997      23.1862
      139.000      16.1415     -17.1645      22.9461
      140.000      15.9572     -16.8069      22.6541
      141.000      15.7504     -16.4102      22.2518
      142.000      15.5605     -16.0191      21.7586
      143.000      15.3928     -15.6671      21.2265
      144.000      15.2420     -15.3095      20.7657
      145.000      15.1358     -14.9072      20.4413
      146.000      15.0576     -14.4825      20.2077
      147.000      14.9738     -14.0411      20.0130
      148.000      14.8844     -13.5606      19.8507
      149.000      14.7782     -13.0745      19.7534
      150.000      14.6553     -12.6331      19.6820
      151.000      14.5324     -12.2588      19.5393
      152.000      14.4095     -11.9850      19.3186
      153.000      14.3033     -11.7950      19.0655
      154.000      14.1972     -11.6051      18.8060
      155.000      14.0742     -11.3536      18.5334
      156.000      13.9457     -11.0631      18.2479
      157.000      13.7949     -10.7893      17.9364
      158.000      13.6328     -10.5100      17.5665
      159.000      13.4485     -10.2138      17.1901
      160.000      13.2361     -9.92330      16.8722
      161.000      13.0294     -9.63275      16.5607
      162.000      12.8227     -9.34221      16.1973
      163.000      12.6495     -9.02932      15.7820
      164.000      12.5210     -8.69409      15.3147
      165.000      12.3757     -8.31415      14.8215
      166.000      12.2304     -7.80570      14.3284
      167.000      12.1075     -7.17433      13.8806
      168.000      11.9622     -6.54297      13.5302
      169.000      11.7946     -6.01776      13.2382
      170.000      11.6046     -5.62106      12.9267
      171.000      11.3923     -5.30258      12.5892
      172.000      11.1800     -4.98411      12.2777
      173.000      10.9733     -4.69356      11.9598
      174.000      10.7889     -4.53153      11.5834
      175.000      10.5989     -4.49242      11.1616
      176.000      10.3866     -4.44772      10.6749
      177.000      10.1966     -4.33598      10.1168
      178.000      10.0290     -4.24658      9.52628
      179.000      9.86140     -4.20747      8.83842
      180.000      9.69378     -4.19071      8.05322
      181.000      9.52616     -4.22982      7.33939
      182.000      9.40324     -4.35274      6.68397
      183.000      9.38648     -4.55947      6.00260
      184.000      9.43117     -4.78855      5.28877
      185.000      9.45352     -4.96176      4.49708
      186.000      9.45352     -5.05115      3.73134
      187.000      9.39206     -4.98969      3.09539
      188.000      7.41507     -3.18965      2.01817
      189.000      1.76466      1.76466     0.000000
"swimbladder chamber 1"
          78
      50.0000     -2.92953     -2.92953     0.000000
      51.0000     -2.51637     -3.86795      1.70725
      52.0000     -2.48099     -4.66430      2.75787
      53.0000     -2.63694     -5.24911      3.29959
      54.0000     -2.80588     -5.74296      3.70999
      55.0000     -2.96183     -6.14583      4.02189
      56.0000     -3.09179     -6.43174      4.21888
      57.0000     -3.15677     -6.63967      4.39945
      58.0000     -3.18276     -6.78263      4.54720
      59.0000     -3.23475     -6.84761      4.56361
      60.0000     -3.33871     -6.86060      4.44870
      61.0000     -3.46867     -6.86060      4.28454
      62.0000     -3.55964     -6.84761      4.15321
      63.0000     -3.59863     -6.80862      4.05472
      64.0000     -3.62462     -6.76963      3.97264
      65.0000     -3.65062     -6.76963      3.93981
      66.0000     -3.68960     -6.80862      3.93981
      67.0000     -3.75458     -6.86060      3.92339
      68.0000     -3.84555     -6.91259      3.87414
      69.0000     -3.93653     -6.96457      3.82490
      70.0000     -3.98851     -7.01655      3.82490
      71.0000     -4.00151     -7.06854      3.87415
      72.0000     -4.01450     -7.10752      3.90698
      73.0000     -4.06649     -7.12052      3.85773
      74.0000     -4.14446     -7.13352      3.77565
      75.0000     -4.20944     -7.17251      3.74282
      76.0000     -4.26142     -7.22449      3.74282
      77.0000     -4.31341     -7.28947      3.75923
      78.0000     -4.36539     -7.38044      3.80848
      79.0000     -4.40438     -7.48441      3.89056
      80.0000     -4.44337     -7.60137      3.98906
      81.0000     -4.50835     -7.75732      4.10397
      82.0000     -4.58632     -7.93926      4.23529
      83.0000     -4.66430     -8.12120      4.36662
      84.0000     -4.72928     -8.30315      4.51436
      85.0000     -4.79425     -8.47209      4.64569
      86.0000     -4.88523     -8.64104      4.74419
      87.0000     -4.98919     -8.81973      4.84268
      88.0000     -5.11590     -8.98218      4.89193
      89.0000     -5.26536     -9.13488      4.89193
      90.0000     -5.39207     -9.27784      4.90835
      91.0000     -5.49603     -9.38181      4.90834
      92.0000     -5.60000     -9.45978      4.87551
      93.0000     -5.69097     -9.53776      4.85910
      94.0000     -5.76895     -9.60274      4.84268
      95.0000     -5.84692     -9.64172      4.79343
      96.0000     -5.92490     -9.66772      4.72777
      97.0000     -6.01587     -9.70670      4.66211
      98.0000     -6.11984     -9.75869      4.59644
      99.0000     -6.22380     -9.81067      4.53078
      100.000     -6.32777     -9.87565      4.48153
      101.000     -6.41874     -9.96662      4.48153
      102.000     -6.50971     -10.0836      4.51436
      103.000     -6.63967     -10.2395      4.54720
      104.000     -6.78263     -10.4215      4.59644
      105.000     -6.89959     -10.6034      4.67852
      106.000     -6.99056     -10.7854      4.79343
      107.000     -7.04254     -10.9673      4.95759
      108.000     -7.06854     -11.1622      5.17100
      109.000     -7.09453     -11.3702      5.40082
      110.000     -7.12052     -11.5781      5.63064
      111.000     -7.15951     -11.7731      5.82763
      112.000     -7.21149     -11.9160      5.94254
      113.000     -7.27647     -11.9810      5.94254
      114.000     -7.35445     -11.9810      5.84405
      115.000     -7.40643     -11.9030      5.67989
      116.000     -7.41943     -11.7211      5.43365
      117.000     -7.41943     -11.5001      5.15458
      118.000     -7.41943     -11.2922      4.89193
      119.000     -7.43242     -11.0713      4.59644
      120.000     -7.45841     -10.8373      4.26812
      121.000     -7.48441     -10.5904      3.92339
      122.000     -7.52339     -10.3305      3.54583
      123.000     -7.57538     -10.0706      3.15185
      124.000     -7.62736     -9.79768      2.74145
      125.000     -7.66635     -9.47278      2.28181
      126.000     -7.69234     -9.08290      1.75650
      127.000     -7.81739     -8.63613      1.03420
      128.000     -8.15641     -8.15641     0.000000
"Horne and Jech x-ray, thawed, inflated"
